Coord_1,Coord_2,Coord_3,Coord_4,Coord_5,Coord_6,Coord_7,Coord_8,Coord_9,Coord_10,Coord_11,Coord_12,Coord_13,Coord_14,Coord_15,Coord_16,Coord_17,Coord_18,Norm_V_1,Norm_V_2,Norm_V_3,Res_Type_1,Res_Type_2,Res_Type_3,Res_Type_4,Res_Type_5,Res_Type_6
-30.489,-30.473,-27.795,-27.192,-27.04,-24.869,-9.91,-7.895,-6.314,-6.436,-8.36,-10.704,-18.706,-21.924,-12.807,-20.698,-15.92,-13.856,-0.6893501284035,-0.641947002485266,-0.335708871598978,11,2,9,18,1,5
-30.489,-30.473,-27.795,-27.192,-27.04,-26.557,-9.91,-7.895,-6.314,-6.436,-8.36,-2.444,-18.706,-21.924,-12.807,-20.698,-15.92,-16.019,-0.967609956106636,-0.137868649663838,-0.211478623702692,11,2,9,18,1,14
-29.388,-27.795,-27.04,-26.557,-26.535,-19.185,0.605,-6.314,-8.36,-2.444,2.036,4.62,-10.252,-12.807,-15.92,-16.019,-6.121,-8.389,-0.824132688968161,-0.453359693581186,0.339514799692269,18,9,1,14,18,11
-30.489,-29.388,-27.795,-27.04,-26.557,-24.869,-9.91,0.605,-6.314,-8.36,-2.444,-10.704,-18.706,-10.252,-12.807,-15.92,-16.019,-13.856,-0.607850307865894,-0.794001128654446,0.00895605509153933,11,18,9,1,14,5
-30.489,-30.473,-27.192,-27.04,-26.557,-20.256,-9.91,-7.895,-6.436,-8.36,-2.444,-4.423,-18.706,-21.924,-20.698,-15.92,-16.019,-22.341,-0.811672377615162,-0.0542164655021702,-0.581591373977471,11,2,18,1,14,13
-30.489,-27.795,-27.192,-27.04,-26.557,-24.869,-9.91,-6.314,-6.436,-8.36,-2.444,-10.704,-18.706,-12.807,-20.698,-15.92,-16.019,-13.856,-0.79103227691397,-0.599926137292265,-0.11981889113943,11,9,18,1,14,5
-29.388,-27.795,-27.192,-27.04,-26.557,-24.869,0.605,-6.314,-6.436,-8.36,-2.444,-10.704,-10.252,-12.807,-20.698,-15.92,-16.019,-13.856,-0.837822491390064,-0.545941813029428,-0.00100484182160807,18,9,18,1,14,5
-29.388,-26.535,-24.365,-21.666,-19.185,-18.334,0.605,2.036,-5.402,-3.117,4.62,3.5,-10.252,-6.121,-1.53,-0.125,-8.389,-4.872,-0.89609565533582,0.0132051428468076,0.443664513670705,18,18,3,4,11,4
-30.489,-27.795,-27.192,-27.04,-24.869,-23.836,-9.91,-6.314,-6.436,-8.36,-10.704,-12.743,-18.706,-12.807,-20.698,-15.92,-13.856,-5.882,-0.405419587869741,-0.885470588342046,0.227105250825955,11,9,18,1,5,17
-24.365,-23.836,-21.666,-19.525,-19.278,-15.794,-5.402,-12.743,-3.117,-7.539,-5.974,-3.737,-1.53,-5.882,-0.125,-2.593,0.765,-2.318,0.505846615259245,-0.29949805950002,0.808962368832128,3,17,4,12,12,14
-27.795,-24.869,-24.365,-23.836,-19.525,-19.278,-6.314,-10.704,-5.402,-12.743,-7.539,-5.974,-12.807,-13.856,-1.53,-5.882,-2.593,0.765,-0.0072040372907132,-0.820512150089151,0.571583688887982,9,5,3,17,12,12
-24.365,-21.666,-19.525,-19.278,-16.268,-15.794,-5.402,-3.117,-7.539,-5.974,2.525,-3.737,-1.53,-0.125,-2.593,0.765,1.608,-2.318,-0.278128436674954,-0.55195193955499,0.786125708226255,3,4,12,12,18,14
-30.473,-27.192,-27.04,-26.557,-20.256,-14.778,-7.895,-6.436,-8.36,-2.444,-4.423,-1.608,-21.924,-20.698,-15.92,-16.019,-22.341,-20.922,-0.789972912127679,-0.065879745592451,-0.609592205679492,2,18,1,14,13,16
-24.365,-21.666,-19.525,-19.278,-15.794,-14.5,-5.402,-3.117,-7.539,-5.974,-3.737,-6.979,-1.53,-0.125,-2.593,0.765,-2.318,-3.742,0.548321288327697,-0.505278703562744,0.666361160702369,3,4,12,12,14,9
-24.365,-21.666,-19.525,-19.278,-15.794,-14.5,-5.402,-3.117,-7.539,-5.974,-3.737,-6.979,-1.53,-0.125,-2.593,0.765,-2.318,-3.742,0.548321288327697,-0.505278703562744,0.666361160702369,3,4,12,12,14,9
-26.535,-19.185,-18.587,-18.334,-17.955,-15.154,2.036,4.62,6.326,3.5,8.298,6.299,-6.121,-8.389,-2.349,-4.872,-6.052,-7.675,-0.676772166884277,0.557917339310914,0.480320389559918,18,11,9,4,8,17
-18.587,-18.42,-18.334,-17.955,-16.268,-15.96,6.326,8.409,3.5,8.298,2.525,7.691,-2.349,2.839,-4.872,-6.052,1.608,0.006,-0.866151535428633,0.246350715651744,0.43484806837848,9,13,4,8,18,6
-18.587,-18.42,-18.354,-16.268,-15.96,-12.858,6.326,8.409,4.743,2.525,7.691,3.953,-2.349,2.839,3.82,1.608,0.006,0.766,-0.630488801536854,0.513228542780959,0.582306048407154,9,13,18,18,6,14
-18.42,-18.354,-16.268,-15.96,-13.175,-12.858,8.409,4.743,2.525,7.691,3.202,3.953,2.839,3.82,1.608,0.006,4.896,0.766,-0.277589000690823,0.518596497282991,0.808703913494477,13,18,18,6,9,14
-19.185,-18.587,-18.334,-17.955,-15.96,-15.154,4.62,6.326,3.5,8.298,7.691,6.299,-8.389,-2.349,-4.872,-6.052,0.006,-7.675,-0.658884020339196,0.49872367276258,0.563157656405256,11,9,4,8,6,17
-19.185,-18.587,-18.334,-17.955,-15.96,-15.154,4.62,6.326,3.5,8.298,7.691,6.299,-8.389,-2.349,-4.872,-6.052,0.006,-7.675,-0.658884020339196,0.49872367276258,0.563157656405256,11,9,4,8,6,17
-18.354,-16.268,-15.96,-13.398,-13.175,-12.858,4.743,2.525,7.691,-1.71,3.202,3.953,3.82,1.608,0.006,2.143,4.896,0.766,0.0810446534831926,0.14560138932545,0.986018255190181,18,18,6,14,9,14
-18.587,-18.42,-18.354,-16.268,-15.96,-12.858,6.326,8.409,4.743,2.525,7.691,3.953,-2.349,2.839,3.82,1.608,0.006,0.766,-0.630488801536854,0.513228542780959,0.582306048407154,9,13,18,18,6,14
-19.525,-19.278,-15.794,-14.5,-13.398,-10.878,-7.539,-5.974,-3.737,-6.979,-1.71,-3.868,-2.593,0.765,-2.318,-3.742,2.143,-5.864,0.853481159440658,-0.431161970872034,0.292693124882655,12,12,14,9,14,2
-19.185,-18.587,-18.334,-17.955,-15.96,-15.154,4.62,6.326,3.5,8.298,7.691,6.299,-8.389,-2.349,-4.872,-6.052,0.006,-7.675,-0.658884020339196,0.49872367276258,0.563157656405256,11,9,4,8,6,17
-27.192,-26.557,-20.256,-14.778,-11.655,-8.167,-6.436,-2.444,-4.423,-1.608,-4.221,-4.061,-20.698,-16.019,-22.341,-20.922,-11.427,-12.954,-0.457597329404015,-0.681487283019672,-0.571121499511951,18,14,13,16,4,8
-19.525,-19.278,-15.794,-14.5,-10.878,-10.685,-7.539,-5.974,-3.737,-6.979,-3.868,-6.558,-2.593,0.765,-2.318,-3.742,-5.864,-8.571,0.843775309260001,-0.364201301105028,0.394208878333042,12,12,14,9,2,7
-16.268,-15.794,-13.398,-13.175,-9.957,-8.624,2.525,-3.737,-1.71,3.202,-0.874,0.776,1.608,-2.318,2.143,4.896,3.528,0.376,0.510263413933743,-0.841162607988266,0.179099735686742,18,14,14,9,9,4
-18.354,-16.268,-13.398,-13.175,-12.858,-9.957,4.743,2.525,-1.71,3.202,3.953,-0.874,3.82,1.608,2.143,4.896,0.766,3.528,-0.0257754114212876,-0.414199193450014,0.90982122217028,18,18,14,9,14,9
-16.268,-15.96,-13.398,-13.175,-12.858,-8.624,2.525,7.691,-1.71,3.202,3.953,0.776,1.608,0.006,2.143,4.896,0.766,0.376,0.644735354384079,-0.503617509686705,0.575052803439995,18,6,14,9,14,4
-15.794,-14.5,-11.655,-10.878,-10.685,-8.167,-3.737,-6.979,-4.221,-3.868,-6.558,-4.061,-2.318,-3.742,-11.427,-5.864,-8.571,-12.954,0.838124630615379,-0.500604167109033,0.216662344280002,14,9,4,2,7,8
-15.794,-14.5,-11.655,-10.878,-10.685,-8.167,-3.737,-6.979,-4.221,-3.868,-6.558,-4.061,-2.318,-3.742,-11.427,-5.864,-8.571,-12.954,0.838124630615379,-0.500604167109033,0.216662344280002,14,9,4,2,7,8
-15.794,-14.5,-11.655,-10.878,-10.685,-8.167,-3.737,-6.979,-4.221,-3.868,-6.558,-4.061,-2.318,-3.742,-11.427,-5.864,-8.571,-12.954,0.838124630615379,-0.500604167109033,0.216662344280002,14,9,4,2,7,8
-16.268,-13.398,-13.175,-12.858,-9.957,-8.624,2.525,-1.71,3.202,3.953,-0.874,0.776,1.608,2.143,4.896,0.766,3.528,0.376,0.406048227315283,-0.839548417788985,0.360947768080269,18,14,9,14,9,4
-16.268,-13.398,-13.175,-12.858,-9.957,-8.624,2.525,-1.71,3.202,3.953,-0.874,0.776,1.608,2.143,4.896,0.766,3.528,0.376,0.406048227315283,-0.839548417788985,0.360947768080269,18,14,9,14,9,4
-14.778,-14.5,-11.655,-10.878,-10.685,-8.167,-1.608,-6.979,-4.221,-3.868,-6.558,-4.061,-20.922,-3.742,-11.427,-5.864,-8.571,-12.954,0.721577884863295,-0.660770769401468,0.206657558247467,16,9,4,2,7,8
