Coord_1,Coord_2,Coord_3,Coord_4,Coord_5,Coord_6,Coord_7,Coord_8,Coord_9,Coord_10,Coord_11,Coord_12,Coord_13,Coord_14,Coord_15,Coord_16,Coord_17,Coord_18,Coord_19,Coord_20,Coord_21,Norm_V_1,Norm_V_2,Norm_V_3,Res_Type_1,Res_Type_2,Res_Type_3,Res_Type_4,Res_Type_5,Res_Type_6,Res_Type_7
-10.133,-13.429,-15.273,-13,-11.678,-8.071,-11.926,1.874,1.955,3.744,2.675,6.243,-0.933,8.455,-18.954,-20.812,-17.378,-14.527,-14.168,-15.138,-21.22,0.780779716404301,0.114492999613506,-0.614226658075927,12,3,9,7,11,6,1
-10.133,-13.429,-16.934,-18.198,-15.273,-13,-11.926,1.874,1.955,-3.079,1.363,3.744,2.675,8.455,-18.954,-20.812,-23.623,-18.14,-17.378,-14.527,-21.22,0.446767607732413,0.0656989576328306,-0.892234471227724,12,3,1,16,9,7,1
-13.429,-16.934,-19.432,-15.8,-19.65,-18.198,-14.999,1.955,-3.079,-8.106,-7.598,-8.956,1.363,-0.115,-20.812,-23.623,-22.822,-21.744,-18.078,-18.14,-31.984,0.370049386077159,-0.116972413539811,-0.921618633890716,3,1,14,10,2,16,5
-16.934,-19.432,-15.8,-19.65,-16.891,-21.951,-14.241,-3.079,-8.106,-7.598,-8.956,-11.549,-12.182,-14.756,-23.623,-22.822,-21.744,-18.078,-18.449,-24.687,-23.845,0.656357289684017,-0.534372300712427,-0.53257990246531,1,14,10,2,2,14,13
-16.934,-19.432,-15.8,-19.65,-16.891,-14.615,-14.241,-3.079,-8.106,-7.598,-8.956,-11.549,-9.774,-14.756,-23.623,-22.822,-21.744,-18.078,-18.449,-15.955,-23.845,0.787499350845667,-0.196144177032482,-0.5842706857561,1,14,10,2,2,2,13
-19.432,-15.8,-19.65,-16.891,-14.615,-18.344,-14.241,-8.106,-7.598,-8.956,-11.549,-9.774,-13.128,-14.756,-22.822,-21.744,-18.078,-18.449,-15.955,-13.873,-23.845,0.692461050952974,-0.475483912832399,-0.542598140017724,14,10,2,2,2,12,13
-15.8,-19.65,-16.891,-14.615,-18.344,-19.718,-14.241,-7.598,-8.956,-11.549,-9.774,-13.128,-16.112,-14.756,-21.744,-18.078,-18.449,-15.955,-13.873,-20.994,-23.845,0.67490946406654,-0.7028573880789,-0.224696923290733,10,2,2,2,12,5,13
-15.8,-19.65,-16.891,-14.615,-18.344,-14.756,-11.549,-7.598,-8.956,-11.549,-9.774,-13.128,-14.241,-16.891,-21.744,-18.078,-18.449,-15.955,-13.873,-13.345,-18.741,0.874738952025809,-0.363836999990736,-0.320084993785293,10,2,2,2,12,13,2
-16.891,-18.344,-14.756,-14.632,-17.765,-22.989,-16.112,-11.549,-13.128,-14.241,-12.195,-13.888,-13.443,-19.718,-18.449,-13.873,-13.345,-10.133,-8.779,-11.197,-16.196,0.56183302050846,-0.82436191182625,-0.0690731163080889,2,12,13,19,1,8,5
-16.891,-14.615,-18.344,-14.756,-14.632,-17.765,-15.212,-11.549,-9.774,-13.128,-14.241,-12.195,-13.888,-19.69,-18.449,-15.955,-13.873,-13.345,-10.133,-8.779,-12.528,0.8829874506757,-0.443921799177196,-0.152533924634846,2,2,12,13,19,1,13
-14.615,-18.344,-14.756,-14.632,-17.765,-22.989,-15.212,-9.774,-13.128,-14.241,-12.195,-13.888,-13.443,-19.69,-15.955,-13.873,-13.345,-10.133,-8.779,-11.197,-12.528,0.654094296814434,-0.708818757444978,-0.264076920553441,2,12,13,19,1,8,13
-18.344,-14.756,-14.632,-17.765,-22.989,-25.727,-15.212,-13.128,-14.241,-12.195,-13.888,-13.443,-14.305,-19.69,-13.873,-13.345,-10.133,-8.779,-11.197,-8.747,-12.528,0.180937863078185,-0.978368701055177,-0.100280479158741,12,13,19,1,8,9,13
-18.344,-17.765,-22.989,-25.727,-28.198,-27.786,-20.366,-13.128,-13.888,-13.443,-14.305,-10.547,-11.936,-22.448,-13.873,-8.779,-11.197,-8.747,-8.252,-11.757,-9.2475,-0.700679319410117,-0.712579602403009,-0.0357603354310866,12,1,8,9,17,6,1
-22.989,-25.727,-26.476,-28.952,-28.198,-27.786,-34.988,-13.443,-14.305,-12.182,-13.36,-10.547,-11.936,-13.345,-11.197,-8.747,-3.176,-5.802,-8.252,-11.757,-6.4145,-0.937247453692157,-0.348601259657397,0.006661254599885,8,9,13,1,17,6,16
-25.727,-26.476,-28.952,-28.198,-24.15,-28.716,-34.488,-14.305,-12.182,-13.36,-10.547,-7.59,-4.962,-10.153,-8.747,-3.176,-5.802,-8.252,1.58,-1.506,-1.2365,-0.584018690479791,-0.34772275879343,0.73349236682283,9,13,1,17,6,1,2
-22.989,-25.727,-26.476,-28.952,-28.198,-27.786,-34.988,-13.443,-14.305,-12.182,-13.36,-10.547,-11.936,-13.345,-11.197,-8.747,-3.176,-5.802,-8.252,-11.757,-6.4145,-0.937247453692157,-0.348601259657397,0.006661254599885,8,9,13,1,17,6,16
-22.989,-25.727,-26.476,-28.952,-28.198,-27.786,-34.988,-13.443,-14.305,-12.182,-13.36,-10.547,-11.936,-13.345,-11.197,-8.747,-3.176,-5.802,-8.252,-11.757,-6.4145,-0.937247453692157,-0.348601259657397,0.006661254599885,8,9,13,1,17,6,16
-22.989,-25.727,-28.952,-28.198,-27.786,-31.432,-34.988,-13.443,-14.305,-13.36,-10.547,-11.936,-6.674,-13.345,-11.197,-8.747,-5.802,-8.252,-11.757,-16.947,-6.4145,-0.871605362450585,-0.48675383999742,-0.0580929547806856,8,9,1,17,6,3,16
-23.38,-25.48,-23.018,-19.821,-20.572,-18.198,-25.465,1.234,3.837,4.615,5.035,4.32,1.363,9.873,-17.465,-15.712,-12.917,-14.938,-18.603,-18.14,-15.0995,-0.338654340575929,0.543759395575229,-0.767879520063365,12,16,10,6,9,16,1
-23.38,-25.48,-23.018,-19.821,-20.572,-28.672,-25.465,1.234,3.837,4.615,5.035,4.32,4.337,9.873,-17.465,-15.712,-12.917,-14.938,-18.603,-10.534,-15.0995,-0.100312661602861,0.835942625388879,-0.539571401188107,12,16,10,6,9,2,1
-23.38,-25.48,-23.018,-19.821,-20.572,-28.672,-25.465,1.234,3.837,4.615,5.035,4.32,4.337,9.873,-17.465,-15.712,-12.917,-14.938,-18.603,-10.534,-15.0995,-0.100312661602861,0.835942625388879,-0.539571401188107,12,16,10,6,9,2,1
-23.018,-19.821,-20.572,-18.198,-15.273,-15.074,-25.465,4.615,5.035,4.32,1.363,3.744,7.839,9.873,-12.917,-14.938,-18.603,-18.14,-17.378,-13.54,-15.0995,-0.173966694577335,0.742563265335758,-0.646788517331386,10,6,9,16,9,2,1
-23.38,-25.48,-19.821,-20.572,-18.198,-15.273,-25.465,1.234,3.837,5.035,4.32,1.363,3.744,9.873,-17.465,-15.712,-14.938,-18.603,-18.14,-17.378,-15.0995,-0.184485406131469,0.503989555873271,-0.843777021786663,12,16,6,9,16,9,1
-13.429,-23.38,-19.821,-20.572,-18.198,-15.273,-11.926,1.955,1.234,5.035,4.32,1.363,3.744,8.455,-20.812,-17.465,-14.938,-18.603,-18.14,-17.378,-21.22,-0.0431126985429697,0.536221402786423,-0.842975623857597,3,12,6,9,16,9,1
-13.429,-19.821,-18.198,-15.273,-13,-11.678,-11.926,1.955,5.035,1.363,3.744,2.675,6.243,8.455,-20.812,-14.938,-18.14,-17.378,-14.527,-14.168,-21.22,0.382793511266651,0.487427522438394,-0.784782478207635,3,6,16,9,7,11,1
-10.133,-15.273,-13,-11.678,-15.074,-10.001,-9.692,1.874,3.744,2.675,6.243,7.839,3.6,9.761,-18.954,-17.378,-14.527,-14.168,-13.54,-10.613,-18.424,0.666764245341572,0.464600588704564,-0.582727838797372,12,9,7,11,2,5,8
-15.273,-13,-11.678,-15.074,-15.26,-10.001,-9.692,3.744,2.675,6.243,7.839,10.121,3.6,9.761,-17.378,-14.527,-14.168,-13.54,-10.489,-10.613,-18.424,0.521824640266036,0.712604983318877,-0.468927694384033,9,7,11,2,7,5,8
-19.821,-15.273,-13,-11.678,-15.074,-15.26,-9.692,5.035,3.744,2.675,6.243,7.839,10.121,9.761,-14.938,-17.378,-14.527,-14.168,-13.54,-10.489,-18.424,0.43628713791889,0.688251447648258,-0.579623565856859,6,9,7,11,2,7,8
-11.678,-15.074,-15.26,-18.157,-18.405,-16.884,-10.121,6.243,7.839,10.121,12.268,14.645,11.356,15.26,-14.168,-13.54,-10.489,-9.357,-6.418,-4.051,-8.106,0.306684910661162,0.683468681126056,-0.662431073767351,11,2,7,9,13,7,7
-15.074,-15.26,-18.157,-18.405,-21.503,-16.884,-14.645,7.839,10.121,12.268,14.645,14.461,11.356,18.405,-13.54,-10.489,-9.357,-6.418,-4.211,-4.051,-12.177,-0.0584019269885753,0.588516351929093,-0.806373188068709,2,7,9,13,9,7,13
-18.157,-18.405,-21.503,-18.459,-17.925,-16.884,-12.268,12.268,14.645,14.461,16.377,12.665,11.356,18.157,-9.357,-6.418,-4.211,-0.05,-0.641,-4.051,-9.238,-0.500135684865879,0.517377479591494,-0.694395305525096,9,13,9,1,6,7,9
-18.405,-21.503,-23.178,-22.124,-18.459,-17.925,-26.784,14.645,14.461,17.386,16.043,16.377,12.665,13.856,-6.418,-4.211,-2.484,0.928,-0.05,-0.641,0.903499999999994,-0.883611176850033,-0.0420502206572844,0.466329354735871,13,9,7,8,1,6,1
-18.405,-21.503,-23.178,-22.124,-18.459,-17.925,-23.613,14.645,14.461,17.386,16.043,16.377,12.665,19.135,-6.418,-4.211,-2.484,0.928,-0.05,-0.641,3.2305,-0.883611176850033,-0.0420502206572844,0.466329354735871,13,9,7,8,1,6,13
-18.405,-21.503,-23.178,-22.124,-18.459,-17.925,-23.613,14.645,14.461,17.386,16.043,16.377,12.665,19.135,-6.418,-4.211,-2.484,0.928,-0.05,-0.641,3.2305,-0.883611176850033,-0.0420502206572844,0.466329354735871,13,9,7,8,1,6,13
-21.503,-23.178,-22.124,-18.459,-17.925,-14.345,-23.613,14.461,17.386,16.043,16.377,12.665,13.25,19.135,-4.211,-2.484,0.928,-0.05,-0.641,3.24,3.2305,-0.690442009597924,-0.538281996543647,0.483262168578677,9,7,8,1,6,7,13
-21.503,-22.124,-18.459,-17.925,-16.884,-14.345,-26.784,14.461,16.043,16.377,12.665,11.356,13.25,13.856,-4.211,0.928,-0.05,-0.641,-4.051,3.24,0.903499999999994,-0.085957842614532,-0.887282148933651,0.453146375332229,9,8,1,6,7,7,1
-18.157,-18.405,-21.503,-18.459,-17.925,-16.884,-10.121,12.268,14.645,14.461,16.377,12.665,11.356,15.26,-9.357,-6.418,-4.211,-0.05,-0.641,-4.051,-8.106,-0.500135684865879,0.517377479591494,-0.694395305525096,9,13,9,1,6,7,7
-10.42,-9.761,-8.455,-15.316,-7.622,-10.388,-6.243,6.599,9.692,11.926,5.495,4.146,5.348,11.678,1.911,-0.171,2.625,7.051,-0.996,-3.296,-4.427,0.61220942182257,0.563147376056042,0.555035725582479,9,8,1,13,20,14,11
-10.42,-9.761,-8.455,-11.079,-7.622,-10.388,-6.243,6.599,9.692,11.926,14.584,4.146,5.348,11.678,1.911,-0.171,2.625,1.926,-0.996,-3.296,-4.427,0.629597780777766,0.772868503853724,0.0792521936013047,9,8,1,13,20,14,11
-10.42,-9.761,-8.455,-11.079,-14.345,-14.621,-1.955,6.599,9.692,11.926,14.584,13.25,14.402,13.429,1.911,-0.171,2.625,1.926,3.24,6.868,2.217,0.364205393125688,0.918766058282456,0.152392131576016,9,8,1,13,7,20,3
-17.925,-9.761,-8.455,-11.079,-14.345,-14.621,-11.983,12.665,9.692,11.926,14.584,13.25,14.402,16.22,-0.641,-0.171,2.625,1.926,3.24,6.868,9.286,-0.227842403585174,0.973340489044008,0.0263843043513096,6,8,1,13,7,20,1
-17.925,-8.455,-11.079,-14.345,-14.621,-16.179,-11.983,12.665,11.926,14.584,13.25,14.402,9.168,16.22,-0.641,2.625,1.926,3.24,6.868,6.75,9.286,0.206644759352854,0.977504250723944,0.0422301225267179,6,1,13,7,20,6,1
-8.455,-11.079,-14.345,-14.621,-16.22,-16.179,-11.983,11.926,14.584,13.25,14.402,11.983,9.168,16.22,2.625,1.926,3.24,6.868,9.309,6.75,9.286,0.888837542016197,0.449901830587343,0.0869262143243458,1,13,7,20,1,6,1
-11.079,-14.345,-14.621,-16.22,-16.179,-15.316,-14.402,14.584,13.25,14.402,11.983,9.168,5.495,14.621,1.926,3.24,6.868,9.309,6.75,7.051,11.727,0.696807084591793,-0.624879537601018,0.352115677512695,13,7,20,1,6,13,20
-10.42,-14.345,-14.621,-16.22,-16.179,-15.316,-14.402,6.599,13.25,14.402,11.983,9.168,5.495,14.621,1.911,3.24,6.868,9.309,6.75,7.051,11.727,0.687530095385708,-0.269565539047327,0.674267593835744,9,7,20,1,6,13,20
-10.42,-14.345,-16.22,-16.179,-15.316,-14.999,-11.926,6.599,13.25,11.983,9.168,5.495,-0.115,8.455,1.911,3.24,9.309,6.75,7.051,5.206,15.97,0.405283836751664,-0.547150489068145,0.732373780238166,9,7,1,6,13,5,1
-10.42,-16.179,-15.316,-14.999,-7.622,-24.71,-16.934,6.599,9.168,5.495,-0.115,4.146,-4.631,-3.079,1.911,6.75,7.051,5.206,-0.996,3.944,13.567,0.594032993372563,-0.0446573270968896,0.803200177988896,9,6,13,5,20,8,1
-10.42,-9.761,-7.622,-10.388,-7.819,-7.702,-6.243,6.599,9.692,4.146,5.348,5.558,1.732,11.678,1.911,-0.171,-0.996,-3.296,-6.11,-6.08,-4.427,0.95284926191979,0.243510024762746,0.181055659671156,9,8,20,14,6,2,11
-10.42,-9.761,-7.622,-10.388,-7.819,-7.702,-6.243,6.599,9.692,4.146,5.348,5.558,1.732,11.678,1.911,-0.171,-0.996,-3.296,-6.11,-6.08,-4.427,0.95284926191979,0.243510024762746,0.181055659671156,9,8,20,14,6,2,11
-7.622,-10.388,-7.819,-7.702,-11.236,-10.001,-3.6,4.146,5.348,5.558,1.732,1.829,3.6,10.001,-0.996,-3.296,-6.11,-6.08,-7.457,-10.613,-7.982,0.997953763374338,0.0488970558046454,0.0411990788808914,20,14,6,2,5,5,5
-7.622,-10.388,-7.819,-7.702,-11.236,-10.001,-5.558,4.146,5.348,5.558,1.732,1.829,3.6,7.819,-0.996,-3.296,-6.11,-6.08,-7.457,-10.613,-12.485,0.997953763374338,0.0488970558046454,0.0411990788808914,20,14,6,2,5,5,6
-10.388,-7.819,-7.702,-11.236,-10.001,-7.658,-5.558,5.348,5.558,1.732,1.829,3.6,0.833,7.819,-3.296,-6.11,-6.08,-7.457,-10.613,-11.794,-12.485,0.993739292635387,0.0325749789006506,0.10686949528347,14,6,2,5,5,6,6
-13,-11.678,-7.819,-11.236,-10.001,-7.658,-5.558,2.675,6.243,5.558,1.829,3.6,0.833,7.819,-14.527,-14.168,-6.11,-7.457,-10.613,-11.794,-12.485,0.990733903493576,0.0965865346162164,-0.0954849401697071,7,11,6,5,5,6,6
-13,-7.702,-11.236,-10.001,-7.658,-8.071,-5.558,2.675,1.732,1.829,3.6,0.833,-0.933,7.819,-14.527,-6.08,-7.457,-10.613,-11.794,-15.138,-12.485,0.976177560212342,-0.208047133659476,-0.0615935151940155,7,2,5,5,6,6,6
-10.133,-13,-11.678,-10.001,-7.658,-8.071,-5.558,1.874,2.675,6.243,3.6,0.833,-0.933,7.819,-18.954,-14.527,-14.168,-10.613,-11.794,-15.138,-12.485,0.953766795972448,-0.123965087063939,-0.273791081099588,12,7,11,5,6,6,6
-26.476,-24.15,-24.71,-28.483,-30.023,-28.716,-24.969,-12.182,-7.59,-4.631,-4.699,-2.774,-4.962,-12.041,-3.176,1.58,3.944,4.18,1.287,-1.506,10.201,-0.365320190846077,0.195821474047709,0.910052255896313,13,6,8,1,9,1,1
-24.15,-24.71,-28.483,-30.023,-28.716,-27.045,-24.969,-7.59,-4.631,-4.699,-2.774,-4.962,1.018,-12.041,1.58,3.944,4.18,1.287,-1.506,-2.468,10.201,-0.177307771655287,0.446231655581265,0.877176871370786,6,8,1,9,1,2,1
-24.15,-24.71,-28.483,-30.023,-28.716,-27.045,-34.131,-7.59,-4.631,-4.699,-2.774,-4.962,1.018,-9.661,1.58,3.944,4.18,1.287,-1.506,-2.468,2.5305,-0.177307771655287,0.446231655581265,0.877176871370786,6,8,1,9,1,2,3
-24.71,-28.483,-30.023,-28.716,-30.373,-27.045,-34.81,-4.631,-4.699,-2.774,-4.962,-0.341,1.018,-5.114,3.944,4.18,1.287,-1.506,-3.74,-2.468,-1.4355,-0.539839422222645,0.533027191912788,0.651502425855721,8,1,9,1,9,2,9
-24.15,-28.483,-30.023,-28.716,-28.198,-30.373,-34.81,-7.59,-4.699,-2.774,-4.962,-3.264,-0.341,-5.114,1.58,4.18,1.287,-1.506,-4.842,-3.74,-1.4355,-0.684429519584553,-0.186873287472279,0.704723071248956,6,1,9,1,15,9,9
-30.023,-28.716,-28.198,-30.373,-27.045,-32.59,-34.81,-2.774,-4.962,-3.264,-0.341,1.018,1.293,-5.114,1.287,-1.506,-4.842,-3.74,-2.468,-8.329,-1.4355,-0.590109268707029,0.306212357137262,0.746997351616789,9,1,15,9,2,13,9
-30.023,-28.716,-28.198,-30.373,-27.045,-32.59,-34.81,-2.774,-4.962,-3.264,-0.341,1.018,1.293,-5.114,1.287,-1.506,-4.842,-3.74,-2.468,-8.329,-1.4355,-0.590109268707029,0.306212357137262,0.746997351616789,9,1,15,9,2,13,9
-30.023,-28.716,-28.198,-30.373,-27.045,-29.164,-34.81,-2.774,-4.962,-3.264,-0.341,1.018,4.694,-5.114,1.287,-1.506,-4.842,-3.74,-2.468,-6.767,-1.4355,-0.415341946690567,0.434866532738699,0.798988213945057,9,1,15,9,2,3,9
-30.373,-27.045,-29.164,-28.672,-32.59,-33.711,-34.126,-0.341,1.018,4.694,4.337,1.293,4.015,10.342,-3.74,-2.468,-6.767,-10.534,-8.329,-10.733,-5.1175,-0.188569403843708,0.892330670433525,0.410106759926832,9,2,3,2,13,9,1
-25.48,-29.164,-28.672,-32.59,-33.711,-32.615,-33.863,3.837,4.694,4.337,1.293,4.015,2.545,10.109,-15.712,-6.767,-10.534,-8.329,-10.733,-14.053,-10.8035,-0.238764875690142,0.970657732746624,-0.0285464532972802,16,3,2,13,9,13,1
-30.373,-29.164,-28.672,-32.59,-33.711,-34.354,-36.051,-0.341,4.694,4.337,1.293,4.015,-2.525,8.802,-3.74,-6.767,-10.534,-8.329,-10.733,-10.973,-8.0105,-0.448657026435303,0.715930651732159,0.534930065093185,9,3,2,13,9,12,9
-29.164,-28.672,-32.59,-33.711,-32.615,-32.093,-36.051,4.694,4.337,1.293,4.015,2.545,-1.23,8.802,-6.767,-10.534,-8.329,-10.733,-14.053,-13.729,-8.0105,-0.220639136234085,0.946203018960685,0.236681681740608,3,2,13,9,13,14,9
-28.672,-32.59,-33.711,-32.615,-32.093,-34.354,-36.3,4.337,1.293,4.015,2.545,-1.23,-2.525,4.471,-10.534,-8.329,-10.733,-14.053,-13.729,-10.973,-20.2705,-0.448606150814553,0.796787256980769,0.404824145233969,2,13,9,13,14,12,12
-32.59,-32.615,-32.093,-34.354,-37.523,-36.2,-34.824,1.293,2.545,-1.23,-2.525,-4.001,-3.983,1.302,-8.329,-14.053,-13.729,-10.973,-12.474,-16.044,-21.7715,-0.860463401344728,0.411777504804342,-0.300070027632505,13,13,14,12,1,7,1
-32.59,-32.615,-32.093,-34.354,-37.523,-36.2,-36.28,1.293,2.545,-1.23,-2.525,-4.001,-3.983,-6.21000000000001,-8.329,-14.053,-13.729,-10.973,-12.474,-16.044,-4.7555,-0.860463401344728,0.411777504804342,-0.300070027632505,13,13,14,12,1,7,13
-32.093,-34.354,-37.523,-36.2,-34.965,-31.432,-42.808,-1.23,-2.525,-4.001,-3.983,-6.727,-6.674,-2.625,-13.729,-10.973,-12.474,-16.044,-18.372,-16.947,-6.7465,-0.631177674194505,-0.75302531282476,-0.185923698983182,14,12,1,7,8,3,7
-32.093,-34.354,-37.523,-36.2,-34.965,-31.432,-34.824,-1.23,-2.525,-4.001,-3.983,-6.727,-6.674,1.302,-13.729,-10.973,-12.474,-16.044,-18.372,-16.947,-21.7715,-0.631177674194505,-0.75302531282476,-0.185923698983182,14,12,1,7,8,3,1
-32.093,-34.354,-37.523,-36.2,-34.965,-31.432,-34.824,-1.23,-2.525,-4.001,-3.983,-6.727,-6.674,1.302,-13.729,-10.973,-12.474,-16.044,-18.372,-16.947,-21.7715,-0.631177674194505,-0.75302531282476,-0.185923698983182,14,12,1,7,8,3,1
-32.093,-34.354,-36.2,-34.965,-31.432,-25.443,-34.824,-1.23,-2.525,-3.983,-6.727,-6.674,-9.781,1.302,-13.729,-10.973,-16.044,-18.372,-16.947,-21.096,-21.7715,-0.47880091747655,-0.827527542431271,0.293168633965633,14,12,7,8,3,4,1
-19.432,-19.65,-25.443,-27.31,-24.969,-21.951,-22.782,-8.106,-8.956,-9.781,-10.918,-12.041,-12.182,-16.701,-22.822,-18.078,-21.096,-24.211,-26.989,-24.687,-26.9645,-0.0261866261397405,-0.958422063717908,-0.284150327098394,14,2,4,13,1,14,8
-19.432,-25.443,-27.31,-24.969,-21.951,-19.69,-22.782,-8.106,-9.781,-10.918,-12.041,-12.182,-15.212,-16.701,-22.822,-21.096,-24.211,-26.989,-24.687,-24.662,-26.9645,0.00097201650571769,-0.89496268971568,-0.446139932309122,14,4,13,1,14,13,8
-19.432,-25.443,-27.31,-24.969,-21.951,-19.69,-22.782,-8.106,-9.781,-10.918,-12.041,-12.182,-15.212,-16.701,-22.822,-21.096,-24.211,-26.989,-24.687,-24.662,-26.9645,0.00097201650571769,-0.89496268971568,-0.446139932309122,14,4,13,1,14,13,8
-19.432,-25.443,-27.31,-24.969,-21.951,-19.69,-22.782,-8.106,-9.781,-10.918,-12.041,-12.182,-15.212,-16.701,-22.822,-21.096,-24.211,-26.989,-24.687,-24.662,-26.9645,0.00097201650571769,-0.89496268971568,-0.446139932309122,14,4,13,1,14,13,8
-19.432,-16.891,-24.969,-21.951,-19.69,-19.718,-22.782,-8.106,-11.549,-12.041,-12.182,-15.212,-16.112,-16.701,-22.822,-18.449,-26.989,-24.687,-24.662,-20.994,-26.9645,0.372855432992783,-0.882687672612406,-0.286079182580381,14,2,1,14,13,5,8
-19.65,-16.891,-18.344,-21.951,-19.69,-19.718,-14.241,-8.956,-11.549,-13.128,-12.182,-15.212,-16.112,-14.756,-18.078,-18.449,-13.873,-24.687,-24.662,-20.994,-23.845,0.204192552305614,-0.97438108398657,-0.0942703810964814,2,2,12,14,13,5,13
