X,Y,Z,Res,Mo,ASU
-10.133,1.874,-18.954,12,1,1
-13.429,1.955,-20.812,3,1,1
-16.934,-3.079,-23.623,1,1,1
-19.432,-8.106,-22.822,14,1,1
-15.8,-7.598,-21.744,10,1,1
-19.65,-8.956,-18.078,2,1,1
-16.891,-11.549,-18.449,2,1,1
-14.615,-9.774,-15.955,2,1,1
-18.344,-13.128,-13.873,12,1,1
-14.756,-14.241,-13.345,13,1,1
-14.632,-12.195,-10.133,19,1,1
-17.765,-13.888,-8.779,1,1,1
-22.989,-13.443,-11.197,8,1,1
-25.727,-14.305,-8.747,9,1,1
-26.476,-12.182,-3.176,13,1,1
-28.952,-13.36,-5.802,1,1,1
-28.198,-10.547,-8.252,17,1,1
-27.786,-11.936,-11.757,6,1,1
-23.38,1.234,-17.465,12,1,1
-25.48,3.837,-15.712,16,1,1
-23.018,4.615,-12.917,10,1,1
-19.821,5.035,-14.938,6,1,1
-20.572,4.32,-18.603,9,1,1
-18.198,1.363,-18.14,16,1,1
-15.273,3.744,-17.378,9,1,1
-13,2.675,-14.527,7,1,1
-11.678,6.243,-14.168,11,1,1
-15.074,7.839,-13.54,2,1,1
-15.26,10.121,-10.489,7,1,1
-18.157,12.268,-9.357,9,1,1
-18.405,14.645,-6.418,13,1,1
-21.503,14.461,-4.211,9,1,1
-23.178,17.386,-2.484,7,1,1
-22.124,16.043,0.928,8,1,1
-18.459,16.377,-0.05,1,1,1
-17.925,12.665,-0.641,6,1,1
-16.884,11.356,-4.051,7,1,1
-10.42,6.599,1.911,9,1,1
-9.761,9.692,-0.171,8,1,1
-8.455,11.926,2.625,1,1,1
-11.079,14.584,1.926,13,1,1
-14.345,13.25,3.24,7,1,1
-14.621,14.402,6.868,20,1,1
-16.22,11.983,9.309,1,1,1
-16.179,9.168,6.75,6,1,1
-15.316,5.495,7.051,13,1,1
-14.999,-0.115,5.206,5,1,1
-7.622,4.146,-0.996,20,1,1
-10.388,5.348,-3.296,14,1,1
-7.819,5.558,-6.11,6,1,1
-7.702,1.732,-6.08,2,1,1
-11.236,1.829,-7.457,5,1,1
-10.001,3.6,-10.613,5,1,1
-7.658,0.833,-11.794,6,1,1
-8.071,-0.933,-15.138,6,1,1
-24.15,-7.59,1.58,6,1,1
-24.71,-4.631,3.944,8,1,1
-28.483,-4.699,4.18,1,1,1
-30.023,-2.774,1.287,9,1,1
-28.716,-4.962,-1.506,1,1,1
-28.198,-3.264,-4.842,15,1,1
-30.373,-0.341,-3.74,9,1,1
-27.045,1.018,-2.468,2,1,1
-29.164,4.694,-6.767,3,1,1
-28.672,4.337,-10.534,2,1,1
-32.59,1.293,-8.329,13,1,1
-33.711,4.015,-10.733,9,1,1
-32.615,2.545,-14.053,13,1,1
-32.093,-1.23,-13.729,14,1,1
-34.354,-2.525,-10.973,12,1,1
-37.523,-4.001,-12.474,1,1,1
-36.2,-3.983,-16.044,7,1,1
-34.965,-6.727,-18.372,8,1,1
-31.432,-6.674,-16.947,3,1,1
-25.443,-9.781,-21.096,4,1,1
-27.31,-10.918,-24.211,13,1,1
-24.969,-12.041,-26.989,1,1,1
-21.951,-12.182,-24.687,14,1,1
-19.69,-15.212,-24.662,13,1,1
-19.718,-16.112,-20.994,5,1,1
-24.52,13.098,-18.0445,9,0,1
-26.643,12.349,-12.4735,13,0,1
-25.465,9.873,-15.0995,1,0,1
-28.278,10.627,-17.5495,17,0,1
-26.889,11.039,-21.0545,6,0,1
-31.235,14.675,-7.7175,6,0,1
-34.126,10.342,-5.1175,1,0,1
-36.051,8.802,-8.0105,9,0,1
-33.863,10.109,-10.8035,1,0,1
-35.561,10.627,-14.1395,15,0,1
-38.484,8.452,-13.0375,9,0,1
-39.843,11.78,-11.7655,2,0,1
-40.118,6.235,-17.6265,13,0,1
-36.3,4.471,-20.2705,12,0,1
-34.824,1.302,-21.7715,1,0,1
-37.591,-15.445,-8.1675,12,0,1
-34.988,-13.345,-6.4145,16,0,1
-34.21,-15.807,-3.6195,10,0,1
-33.79,-19.004,-5.6405,6,0,1
-34.505,-18.253,-9.3055,9,0,1
-26.557,-20.668,-0.0594999999999999,9,0,1
-24.364,-17.322,5.0865,9,0,1
-21.439,-15.647,6.8135,7,0,1
-34.131,-9.661,2.5305,3,0,1
-34.488,-10.153,-1.2365,2,0,1
-37.532,-6.235,0.968499999999999,13,0,1
-34.81,-5.114,-1.4355,9,0,1
-36.28,-6.21000000000001,-4.7555,13,0,1
-40.055,-6.732,-4.4315,14,0,1
-42.808,-2.625,-6.7465,7,0,1
-45.552,-3.86,-9.0745,8,0,1
-45.499,-7.393,-7.6495,3,0,1
-15.647,-21.439,-6.8135,7,0,1
-16.701,-22.782,-10.2255,8,0,1
-20.366,-22.448,-9.2475,1,0,1
-1.874,10.133,0.359000000000002,12,0,1
-1.955,13.429,2.217,3,0,1
-5.035,19.821,-3.657,6,0,1
-4.32,20.572,0.00800000000000267,9,0,1
-1.363,18.198,-0.454999999999998,16,0,1
-3.744,15.273,-1.217,9,0,1
-2.675,13,-4.068,7,0,1
-6.243,11.678,-4.427,11,0,1
-7.839,15.074,-5.055,2,0,1
-10.121,15.26,-8.106,7,0,1
-12.268,18.157,-9.238,9,0,1
-14.645,18.405,-12.177,13,0,1
-11.356,16.884,-14.544,7,0,1
-6.599,10.42,-20.506,9,0,1
-9.692,9.761,-18.424,8,0,1
-11.926,8.455,-21.22,1,0,1
-14.584,11.079,-20.521,13,0,1
-4.146,7.622,-17.599,20,0,1
-5.348,10.388,-15.299,14,0,1
-5.558,7.819,-12.485,6,0,1
-1.732,7.702,-12.515,2,0,1
-1.829,11.236,-11.138,5,0,1
-3.6,10.001,-7.982,5,0,1
-0.833,7.658,-6.801,6,0,1
0.933,8.071,-3.457,6,0,1
-14.999,-0.115,-31.984,5,0,1
-24.15,-7.59,-35.61,6,0,1
-24.71,-4.631,-33.246,8,0,1
-24.364,-17.322,-32.1035,9,0,1
-21.439,-15.647,-30.3765,7,0,1
-22.782,-16.701,-26.9645,8,0,1
-22.448,-20.366,-27.9425,1,0,1
-26.16,-20.9,-28.5335,6,0,1
-24.423,-24.204,-21.0245,20,0,1
-26.842,-22.605,-18.5835,1,0,1
-8.106,-19.432,-14.368,14,0,1
-7.598,-15.8,-15.446,10,0,1
-8.956,-19.65,-19.112,2,0,1
-11.549,-16.891,-18.741,2,0,1
-9.774,-14.615,-21.235,2,0,1
-13.128,-18.344,-23.317,12,0,1
-14.241,-14.756,-23.845,13,0,1
-12.195,-14.632,-27.057,19,0,1
-13.888,-17.765,-28.411,1,0,1
-12.182,-21.951,-12.503,14,0,1
-15.212,-19.69,-12.528,13,0,1
-16.112,-19.718,-16.196,5,0,1
-16.934,-3.079,13.567,1,0,1
-24.969,-12.041,10.201,1,0,1
-29.044,13.382,6.7965,4,0,1
-27.907,11.515,3.6815,13,0,1
-26.784,13.856,0.903499999999994,1,0,1
-26.643,16.874,3.2055,14,0,1
-23.613,19.135,3.2305,13,0,1
-22.713,19.107,6.8985,5,0,1
-11.926,8.455,15.97,1,0,1
-14.584,11.079,16.669,13,0,1
-13.25,14.345,15.355,7,0,1
-14.402,14.621,11.727,20,0,1
-11.983,16.22,9.286,1,0,1
-9.168,16.179,11.845,6,0,1
-5.495,15.316,11.544,13,0,1
-24.069,24.584,4.0475,13,0,1
-24.193,26.63,0.835499999999996,19,0,1
-21.06,24.937,-0.518500000000003,1,0,1
-15.836,25.382,1.8995,8,0,1
-13.098,24.52,-0.5505,9,0,1
