X,Y,Z,Res
-30.489,-9.91,-18.706,11
-30.473,-7.895,-21.924,2
-29.388,0.605,-10.252,18
-27.795,-6.314,-12.807,9
-27.192,-6.436,-20.698,18
-27.04,-8.36,-15.92,1
-26.557,-2.444,-16.019,14
-26.535,2.036,-6.121,18
-24.869,-10.704,-13.856,5
-24.365,-5.402,-1.53,3
-23.836,-12.743,-5.882,17
-21.666,-3.117,-0.125,4
-20.256,-4.423,-22.341,13
-19.525,-7.539,-2.593,12
-19.278,-5.974,0.765,12
-19.185,4.62,-8.389,11
-18.587,6.326,-2.349,9
-18.42,8.409,2.839,13
-18.354,4.743,3.82,18
-18.334,3.5,-4.872,4
-17.955,8.298,-6.052,8
-16.268,2.525,1.608,18
-15.96,7.691,0.006,6
-15.794,-3.737,-2.318,14
-15.154,6.299,-7.675,17
-14.778,-1.608,-20.922,16
-14.5,-6.979,-3.742,9
-13.398,-1.71,2.143,14
-13.175,3.202,4.896,9
-12.858,3.953,0.766,14
-11.655,-4.221,-11.427,4
-10.878,-3.868,-5.864,2
-10.685,-6.558,-8.571,7
-9.957,-0.874,3.528,9
-8.624,0.776,0.376,4
-8.167,-4.061,-12.954,8
